print("Executed ABDAU V4 Script Hub GUI!")print("Status: Working! Unpatched Dumb Developers LOL")print("This my 1st op gui script hopefully in the future i'll be advanced at scripting")local a=Instance.new("ScreenGui")local b=Instance.new("Frame")local c=Instance.new("TextLabel")local d=Instance.new("TextLabel")local e=Instance.new("TextButton")local f=Instance.new("TextButton")local g=Instance.new("TextLabel")local h=Instance.new("TextButton")local i=Instance.new("TextLabel")local j=Instance.new("TextButton")local k=Instance.new("TextLabel")local l=Instance.new("TextButton")local m=Instance.new("TextLabel")local n=Instance.new("TextButton")local o=Instance.new("TextLabel")local p=Instance.new("TextButton")local q=Instance.new("TextLabel")local r=Instance.new("TextLabel")local s=Instance.new("ImageLabel")local t=Instance.new("TextButton")local u=Instance.new("TextLabel")local v=Instance.new("Frame")local w=Instance.new("TextButton")a.Parent=game.CoreGui;b.Name="main"b.Parent=a;b.BackgroundColor3=Color3.fromRGB(0,0,0)b.BackgroundTransparency=0.200;b.BorderColor3=Color3.fromRGB(255,170,0)b.BorderSizePixel=4;b.Position=UDim2.new(0.0253485683,0,0.177943394,0)b.Size=UDim2.new(0,442,0,238)b.Visible=false;b.Active=true;b.Draggable=true;c.Name="Title"c.Parent=b;c.BackgroundColor3=Color3.fromRGB(118,78,0)c.BackgroundTransparency=0.300;c.Size=UDim2.new(0,442,0,34)c.Font=Enum.Font.Highway;c.Text="AU Requiem Script Hub"c.TextColor3=Color3.fromRGB(136,91,0)c.TextSize=34.000;c.TextStrokeColor3=Color3.fromRGB(255,170,0)c.TextStrokeTransparency=0.000;d.Name="Message"d.Parent=b;d.BackgroundColor3=Color3.fromRGB(255,255,255)d.BackgroundTransparency=1.000;d.BorderColor3=Color3.fromRGB(85,255,0)d.BorderSizePixel=5;d.Position=UDim2.new(0.0463567637,0,0.360603362,0)d.Size=UDim2.new(0,86,0,22)d.Font=Enum.Font.SourceSans;d.Text="Items Farm"d.TextColor3=Color3.fromRGB(255,255,255)d.TextSize=22.000;d.TextStrokeColor3=Color3.fromRGB(255,170,0)d.TextStrokeTransparency=0.500;d.TextWrapped=true;e.Name="close"e.Parent=b;e.BackgroundColor3=Color3.fromRGB(170,0,0)e.Position=UDim2.new(0.971153855,0,-0.0571428537,0)e.Size=UDim2.new(0,24,0,17)e.Font=Enum.Font.Sarpanch;e.Text="X"e.TextColor3=Color3.fromRGB(0,0,0)e.TextSize=30.000;e.TextWrapped=true;e.MouseButton1Down:connect(function()b.Visible=false;v.Visible=true end)f.Name="BankCollect"f.Parent=b;f.BackgroundColor3=Color3.fromRGB(255,0,0)f.BackgroundTransparency=0.200;f.BorderColor3=Color3.fromRGB(0,0,0)f.BorderSizePixel=3;f.Position=UDim2.new(0.392074674,0,0.702153862,0)f.Size=UDim2.new(0,44,0,32)f.Font=Enum.Font.JosefinSans;f.Text="Off / On"f.TextColor3=Color3.fromRGB(0,0,0)f.TextSize=10.000;f.TextStrokeColor3=Color3.fromRGB(255,255,255)f.TextStrokeTransparency=0.000;f.TextWrapped=true;g.Name="Message2"g.Parent=b;g.BackgroundColor3=Color3.fromRGB(255,255,255)g.BackgroundTransparency=1.000;g.BorderColor3=Color3.fromRGB(85,255,0)g.BorderSizePixel=5;g.Position=UDim2.new(0.291578263,0,0.839642704,0)g.Size=UDim2.new(0,141,0,22)g.Font=Enum.Font.SourceSans;g.Text="Auto Collect Bank"g.TextColor3=Color3.fromRGB(255,255,255)g.TextSize=22.000;g.TextStrokeColor3=Color3.fromRGB(255,170,0)g.TextStrokeTransparency=0.500;g.TextWrapped=true;h.Name="BossNotify"h.Parent=b;h.BackgroundColor3=Color3.fromRGB(255,0,0)h.BackgroundTransparency=0.200;h.BorderColor3=Color3.fromRGB(0,0,0)h.BorderSizePixel=3;h.Position=UDim2.new(0.528509557,0,0.196901664,0)h.Size=UDim2.new(0,44,0,32)h.Font=Enum.Font.JosefinSans;h.Text="Off / On"h.TextColor3=Color3.fromRGB(0,0,0)h.TextSize=10.000;h.TextStrokeColor3=Color3.fromRGB(255,255,255)h.TextStrokeTransparency=0.000;h.TextWrapped=true;i.Name="Message3"i.Parent=b;i.BackgroundColor3=Color3.fromRGB(255,255,255)i.BackgroundTransparency=1.000;i.BorderColor3=Color3.fromRGB(85,255,0)i.BorderSizePixel=5;i.Position=UDim2.new(0.418059856,0,0.329830796,0)i.Size=UDim2.new(0,141,0,22)i.Font=Enum.Font.SourceSans;i.Text="Boss Notify"i.TextColor3=Color3.fromRGB(255,255,255)i.TextSize=22.000;i.TextStrokeColor3=Color3.fromRGB(255,170,0)i.TextStrokeTransparency=0.500;i.TextWrapped=true;j.Name="AutoTrash"j.Parent=b;j.BackgroundColor3=Color3.fromRGB(255,0,0)j.BackgroundTransparency=0.200;j.BorderColor3=Color3.fromRGB(0,0,0)j.BorderSizePixel=3;j.Position=UDim2.new(0.78660804,0,0.701724052,0)j.Size=UDim2.new(0,44,0,32)j.Font=Enum.Font.JosefinSans;j.Text="Off / On"j.TextColor3=Color3.fromRGB(0,0,0)j.TextSize=10.000;j.TextStrokeColor3=Color3.fromRGB(255,255,255)j.TextStrokeTransparency=0.000;j.TextWrapped=true;k.Name="Message4"k.Parent=b;k.BackgroundColor3=Color3.fromRGB(255,255,255)k.BackgroundTransparency=1.000;k.BorderColor3=Color3.fromRGB(85,255,0)k.BorderSizePixel=5;k.Position=UDim2.new(0.678037405,0,0.869746685,0)k.Size=UDim2.new(0,141,0,21)k.Font=Enum.Font.SourceSans;k.Text="Auto Trash Arrows & Rokas"k.TextColor3=Color3.fromRGB(255,255,255)k.TextSize=22.000;k.TextStrokeColor3=Color3.fromRGB(255,170,0)k.TextStrokeTransparency=0.500;k.TextWrapped=true;l.Name="AntiAFK"l.Parent=b;l.BackgroundColor3=Color3.fromRGB(255,0,0)l.BackgroundTransparency=0.200;l.BorderColor3=Color3.fromRGB(0,0,0)l.BorderSizePixel=3;l.Position=UDim2.new(0.821229756,0,0.196901664,0)l.Size=UDim2.new(0,44,0,32)l.Font=Enum.Font.JosefinSans;l.Text="Off / On"l.TextColor3=Color3.fromRGB(0,0,0)l.TextSize=10.000;l.TextStrokeColor3=Color3.fromRGB(255,255,255)l.TextStrokeTransparency=0.000;l.TextWrapped=true;m.Name="Message5"m.Parent=b;m.BackgroundColor3=Color3.fromRGB(255,255,255)m.BackgroundTransparency=1.000;m.BorderColor3=Color3.fromRGB(85,255,0)m.BorderSizePixel=5;m.Position=UDim2.new(0.708556354,0,0.342674613,0)m.Size=UDim2.new(0,128,0,15)m.Font=Enum.Font.SourceSans;m.Text="Anti AFK kick"m.TextColor3=Color3.fromRGB(255,255,255)m.TextSize=22.000;m.TextStrokeColor3=Color3.fromRGB(255,170,0)m.TextStrokeTransparency=0.500;m.TextWrapped=true;n.Name="Admin"n.Parent=b;n.BackgroundColor3=Color3.fromRGB(255,0,0)n.BackgroundTransparency=0.200;n.BorderColor3=Color3.fromRGB(0,0,0)n.BorderSizePixel=3;n.Position=UDim2.new(0.0149053214,0,0.505247712,0)n.Size=UDim2.new(0,120,0,41)n.Font=Enum.Font.JosefinSans;n.Text="FEAdmin"n.TextColor3=Color3.fromRGB(0,0,0)n.TextSize=25.000;n.TextStrokeColor3=Color3.fromRGB(255,255,255)n.TextStrokeTransparency=0.000;n.TextWrapped=true;n.MouseButton1Down:connect(function()loadstring(game:HttpGet("https://pastebin.com/raw/vbeE3Vz2",true))()end)o.Name="Message6"o.Parent=b;o.BackgroundColor3=Color3.fromRGB(255,255,255)o.BackgroundTransparency=1.000;o.BorderColor3=Color3.fromRGB(85,255,0)o.BorderSizePixel=5;o.Position=UDim2.new(0.00698954333,0,0.701918304,0)o.Size=UDim2.new(0,128,0,31)o.Font=Enum.Font.SourceSans;o.Text="type .cmds in chat"o.TextColor3=Color3.fromRGB(255,255,255)o.TextSize=22.000;o.TextStrokeColor3=Color3.fromRGB(255,170,0)o.TextStrokeTransparency=0.500;o.TextWrapped=true;p.Name="Items"p.Parent=b;p.BackgroundColor3=Color3.fromRGB(255,0,0)p.BackgroundTransparency=0.200;p.BorderColor3=Color3.fromRGB(0,0,0)p.BorderSizePixel=3;p.Position=UDim2.new(0.0802243128,0,0.196901664,0)p.Size=UDim2.new(0,44,0,32)p.Font=Enum.Font.JosefinSans;p.Text="Off / On"p.TextColor3=Color3.fromRGB(0,0,0)p.TextSize=10.000;p.TextStrokeColor3=Color3.fromRGB(255,255,255)p.TextStrokeTransparency=0.000;p.TextWrapped=true;q.Name="Message7"q.Parent=b;q.BackgroundColor3=Color3.fromRGB(255,255,255)q.BackgroundTransparency=1.000;q.BorderColor3=Color3.fromRGB(85,255,0)q.BorderSizePixel=5;q.Position=UDim2.new(0.298198998,0,0.524540544,0)q.Size=UDim2.new(0,128,0,15)q.Font=Enum.Font.SourceSans;q.Text="- /e supported"q.TextColor3=Color3.fromRGB(255,255,255)q.TextSize=22.000;q.TextStrokeColor3=Color3.fromRGB(255,170,0)q.TextStrokeTransparency=0.500;q.TextWrapped=true;r.Name="Message8"r.Parent=b;r.BackgroundColor3=Color3.fromRGB(255,255,255)r.BackgroundTransparency=1.000;r.BorderColor3=Color3.fromRGB(85,255,0)r.BorderSizePixel=5;r.Position=UDim2.new(0.293674111,0,0.613372684,0)r.Size=UDim2.new(0,128,0,15)r.Font=Enum.Font.SourceSans;r.Text="only click once"r.TextColor3=Color3.fromRGB(255,255,255)r.TextSize=22.000;r.TextStrokeColor3=Color3.fromRGB(255,170,0)r.TextStrokeTransparency=0.500;r.TextWrapped=true;s.Parent=b;s.BackgroundColor3=Color3.fromRGB(255,255,255)s.BackgroundTransparency=1.000;s.Position=UDim2.new(0.0245901942,0,0.00135638472,0)s.Size=UDim2.new(0,44,0,32)s.Image="rbxassetid://9337063960"t.Name="Banks"t.Parent=b;t.BackgroundColor3=Color3.fromRGB(255,0,0)t.BackgroundTransparency=0.200;t.BorderColor3=Color3.fromRGB(0,0,0)t.BorderSizePixel=3;t.Position=UDim2.new(0.279319376,0,0.196901679,0)t.Size=UDim2.new(0,44,0,32)t.Font=Enum.Font.JosefinSans;t.Text="Off / On"t.TextColor3=Color3.fromRGB(0,0,0)t.TextSize=10.000;t.TextStrokeColor3=Color3.fromRGB(255,255,255)t.TextStrokeTransparency=0.000;t.TextWrapped=true;u.Name="Message"u.Parent=b;u.BackgroundColor3=Color3.fromRGB(255,255,255)u.BackgroundTransparency=1.000;u.BorderColor3=Color3.fromRGB(85,255,0)u.BorderSizePixel=5;u.Position=UDim2.new(0.240926892,0,0.360722721,0)u.Size=UDim2.new(0,79,0,22)u.Font=Enum.Font.SourceSans;u.Text="Bank Farm"u.TextColor3=Color3.fromRGB(255,255,255)u.TextSize=22.000;u.TextStrokeColor3=Color3.fromRGB(255,170,0)u.TextStrokeTransparency=0.500;u.TextWrapped=true;v.Name="openmain"v.Parent=a;v.BackgroundColor3=Color3.fromRGB(255,255,255)v.BorderColor3=Color3.fromRGB(0,0,0)v.BorderSizePixel=3;v.Position=UDim2.new(0.921915233,0,0.29801324,0)v.Size=UDim2.new(0,61,0,22)w.Parent=v;w.BackgroundColor3=Color3.fromRGB(255,170,0)w.BorderColor3=Color3.fromRGB(255,255,255)w.BorderSizePixel=2;w.Size=UDim2.new(0,69,0,23)w.Font=Enum.Font.Ubuntu;w.Text="Hub"w.TextColor3=Color3.fromRGB(0,0,0)w.TextScaled=true;w.TextSize=14.000;w.TextWrapped=true;w.MouseButton1Down:connect(function()b.Visible=true;v.Visible=false end)local function x()local y=Instance.new('LocalScript',f)toggle=false;y.Parent.MouseButton1Down:connect(function()if toggle==true then toggle=false else toggle=true end;if toggle==true then y.Parent.BackgroundColor3=Color3.fromRGB(0,255,0)y.Parent.Text="ON"end;if toggle==false then y.Parent.BackgroundColor3=Color3.fromRGB(255,0,0)y.Parent.Text="OFF"end;if toggle==true then _G.bankboi=true;while _G.bankboi do wait(0.500)for z,A in pairs(game.Players.LocalPlayer.Backpack:GetChildren())do if string.find(A.Name,"Banknote")and A:IsA("Tool")then game.Players.LocalPlayer.Character.Humanoid:EquipTool(A)A:Activate()end end end end;if toggle==false then _G.bankboi=false;while _G.bankboi do wait(0.1)for z,A in pairs(game.Players.LocalPlayer.Backpack:GetChildren())do if string.find(A.Name,"Banknote")and A:IsA("Tool")then game.Players.LocalPlayer.Character.Humanoid:EquipTool(A)A:Activate()end end end end end)end;coroutine.wrap(x)()local function B()local y=Instance.new('LocalScript',h)toggle=false;y.Parent.MouseButton1Down:connect(function()if toggle==true then toggle=false else toggle=true end;if toggle==true then y.Parent.BackgroundColor3=Color3.fromRGB(0,255,0)y.Parent.Text="ON"end;if toggle==false then y.Parent.BackgroundColor3=Color3.fromRGB(255,0,0)y.Parent.Text="OFF"end;if toggle==true then _G.BossNotify=true;while _G.BossNotify do wait(1)for z,A in pairs(game.Players.LocalPlayer.Backpack:GetChildren())do local C={[1]=workspace:FindFirstChild("Zeppeli"),[2]=30}game:GetService("ReplicatedStorage").DonutNew:FireServer(unpack(C))local C={[1]=workspace:FindFirstChild("DIO"),[2]=30}game:GetService("ReplicatedStorage").DonutNew:FireServer(unpack(C))local C={[1]=workspace:FindFirstChild("Funny Valentine"),[2]=30}game:GetService("ReplicatedStorage").DonutNew:FireServer(unpack(C))local C={[1]=workspace:FindFirstChild("ShadowDIO"),[2]=30}game:GetService("ReplicatedStorage").DonutNew:FireServer(unpack(C))end end end;if toggle==false then _G.BossNotify=false;while _G.BossNotify do wait(1)for z,A in pairs(game.Players.LocalPlayer.Backpack:GetChildren())do local C={[1]=workspace:FindFirstChild("Dio Brando"),[2]=30}game:GetService("ReplicatedStorage").DonutNew:FireServer(unpack(C))local C={[1]=workspace:FindFirstChild("DIO"),[2]=30}game:GetService("ReplicatedStorage").DonutNew:FireServer(unpack(C))local C={[1]=workspace:FindFirstChild("Funny Valentine"),[2]=30}game:GetService("ReplicatedStorage").DonutNew:FireServer(unpack(C))local C={[1]=workspace:FindFirstChild("ShadowDIO"),[2]=30}game:GetService("ReplicatedStorage").DonutNew:FireServer(unpack(C))end end end end)end;coroutine.wrap(B)()local function D()local y=Instance.new('LocalScript',j)toggle=false;y.Parent.MouseButton1Down:connect(function()if toggle==true then toggle=false else toggle=true end;if toggle==true then y.Parent.BackgroundColor3=Color3.fromRGB(0,255,0)y.Parent.Text="ON"end;if toggle==false then y.Parent.BackgroundColor3=Color3.fromRGB(255,0,0)y.Parent.Text="OFF"end;if toggle==true then _G.zeep=true;local E={"Arrow","Rokakaka Fruit","Water"}while wait()do if _G.zeep then for z,A in pairs(game:GetService("Players").LocalPlayer.Backpack:GetChildren())do if table.find(E,A.Name)and A:IsA("Tool")then A:Destroy()end end end end end;if toggle==false then _G.zeep=false;local E={"Arrow","Rokakaka Fruit","Water"}while wait()do if _G.zeep then for z,A in pairs(game:GetService("Players").LocalPlayer.Backpack:GetChildren())do if table.find(E,A.Name)and A:IsA("Tool")then A:Destroy()end end end end end end)end;coroutine.wrap(D)()local function F()local y=Instance.new('LocalScript',l)toggle=false;y.Parent.MouseButton1Down:connect(function()if toggle==true then toggle=false else toggle=true end;if toggle==true then y.Parent.BackgroundColor3=Color3.fromRGB(0,255,0)y.Parent.Text="ON"end;if toggle==false then y.Parent.BackgroundColor3=Color3.fromRGB(85,255,0)y.Parent.Text="ON"end;if toggle==true then repeat wait()until game:IsLoaded()game:GetService("Players").LocalPlayer.Idled:connect(function()game:GetService("VirtualUser"):ClickButton2(Vector2.new())end)end;if toggle==false then print("You cannot Turn OFF ANTI AFK KICK so ye")end end)end;coroutine.wrap(F)()local function G()local y=Instance.new('LocalScript',n)while true do y.Parent.BorderColor3=Color3.fromRGB(0,255,0)wait(0.1)y.Parent.BorderColor3=Color3.fromRGB(255,255,0)wait(0.1)y.Parent.BorderColor3=Color3.fromRGB(0,170,255)wait(0.1)y.Parent.BorderColor3=Color3.fromRGB(255,0,0)wait(0.1)y.Parent.BorderColor3=Color3.fromRGB(255,0,127)wait(0.1)y.Parent.BorderColor3=Color3.fromRGB(85,0,127)wait(0.1)end end;coroutine.wrap(G)()local function H()local y=Instance.new('LocalScript',p)toggle=false;y.Parent.MouseButton1Down:connect(function()if toggle==true then toggle=false else toggle=true end;if toggle==true then y.Parent.BackgroundColor3=Color3.fromRGB(0,255,0)y.Parent.Text="ON"end;if toggle==false then y.Parent.BackgroundColor3=Color3.fromRGB(255,0,0)y.Parent.Text="OFF"end;if toggle==true then _G.AutoItems=true;while _G.AutoItems do wait(0.1)local I=game:service"Players".LocalPlayer;local J=game:service"TweenService"local K=TweenInfo.new(3,Enum.EasingStyle.Quad)function tp(...)local L=tick()local M={...}local N=CFrame.new(M[1],M[2],M[3])local O,P=pcall(function()local O=J:Create(I.Character["HumanoidRootPart"],K,{CFrame=N})O:Play()end)if not O then return P end end;tp(2468.86304,337.180756,-400.27359,-0.998613656,1.22225363e-09,-0.0526384376,1.10093201e-09,1,2.33380515e-09,0.0526384376,2.27261832e-09,-0.998613656)wait(4)tp(2510.37231,337.03067,-374.280273,0.999961913,-4.42180337e-09,-0.00872691348,4.04806277e-09,1,-4.2843844e-08,0.00872691348,4.28068851e-08,0.999961913)wait(4)tp(2436.99927,337.146118,-374.43399,-0.128509149,-7.14454673e-09,0.991708338,5.19289856e-08,1,1.39334277e-08,-0.991708338,5.32889786e-08,-0.128509149)wait(4)tp(2497.9043,337.180542,-301.263611,-0.995685577,-5.0665569e-11,0.0927914828,9.22216525e-10,1,1.04417266e-08,-0.0927914828,1.04822497e-08,-0.995685577)wait(4)tp(2509.87256,337.180542,-228.391418,-0.99966085,-8.1096303e-09,-0.0260421094,-6.09243056e-09,1,-7.75384805e-08,0.0260421094,-7.73535191e-08,-0.99966085)wait(4)tp(2317.00684,337.027954,-327.813385,0.0306746121,2.67728097e-08,-0.999529421,-2.64930105e-08,1,2.59723691e-08,0.999529421,2.56838515e-08,0.0306746121)wait(4)tp(2047.40759,336.762329,-388.723419,-0.0608201772,-1.97265182e-09,0.998148739,-4.92822672e-09,1,1.67601899e-09,-0.998148739,-4.81716755e-09,-0.0608201772)wait(4)tp(2121.20068,337.180847,-494.215546,-0.0697160438,-2.93518259e-08,0.997566879,1.28615929e-09,1,2.9513302e-08,-0.997566879,3.34058048e-09,-0.0697160438)wait(4)tp(2520.09619,336.762695,-600.559509,0.906301022,1.72584649e-08,-0.422632754,2.96784783e-08,1,1.04478652e-07,0.422632754,-1.07232211e-07,0.906301022)wait(4)end end;if toggle==false then _G.AutoItems=false;while _G.AutoItems do wait(0.1)local I=game:service"Players".LocalPlayer;local J=game:service"TweenService"local K=TweenInfo.new(3,Enum.EasingStyle.Quad)function tp(...)local L=tick()local M={...}local N=CFrame.new(M[1],M[2],M[3])local O,P=pcall(function()local O=J:Create(I.Character["HumanoidRootPart"],K,{CFrame=N})O:Play()end)if not O then return P end end;tp(2468.86304,337.180756,-400.27359,-0.998613656,1.22225363e-09,-0.0526384376,1.10093201e-09,1,2.33380515e-09,0.0526384376,2.27261832e-09,-0.998613656)wait(0.1)tp(2510.37231,337.03067,-374.280273,0.999961913,-4.42180337e-09,-0.00872691348,4.04806277e-09,1,-4.2843844e-08,0.00872691348,4.28068851e-08,0.999961913)wait(0.1)tp(2436.99927,337.146118,-374.43399,-0.128509149,-7.14454673e-09,0.991708338,5.19289856e-08,1,1.39334277e-08,-0.991708338,5.32889786e-08,-0.128509149)wait(0.1)tp(2497.9043,337.180542,-301.263611,-0.995685577,-5.0665569e-11,0.0927914828,9.22216525e-10,1,1.04417266e-08,-0.0927914828,1.04822497e-08,-0.995685577)wait(0.1)tp(2509.87256,337.180542,-228.391418,-0.99966085,-8.1096303e-09,-0.0260421094,-6.09243056e-09,1,-7.75384805e-08,0.0260421094,-7.73535191e-08,-0.99966085)wait(0.1)tp(2317.00684,337.027954,-327.813385,0.0306746121,2.67728097e-08,-0.999529421,-2.64930105e-08,1,2.59723691e-08,0.999529421,2.56838515e-08,0.0306746121)wait(0.1)tp(2047.40759,336.762329,-388.723419,-0.0608201772,-1.97265182e-09,0.998148739,-4.92822672e-09,1,1.67601899e-09,-0.998148739,-4.81716755e-09,-0.0608201772)wait(0.1)tp(2121.20068,337.180847,-494.215546,-0.0697160438,-2.93518259e-08,0.997566879,1.28615929e-09,1,2.9513302e-08,-0.997566879,3.34058048e-09,-0.0697160438)wait(0.1)tp(2520.09619,336.762695,-600.559509,0.906301022,1.72584649e-08,-0.422632754,2.96784783e-08,1,1.04478652e-07,0.422632754,-1.07232211e-07,0.906301022)wait(0.1)end end end)end;coroutine.wrap(H)()local function Q()local y=Instance.new('LocalScript',t)toggle=false;y.Parent.MouseButton1Down:connect(function()if toggle==true then toggle=false else toggle=true end;if toggle==true then y.Parent.BackgroundColor3=Color3.fromRGB(0,255,0)y.Parent.Text="ON"end;if toggle==false then y.Parent.BackgroundColor3=Color3.fromRGB(255,0,0)y.Parent.Text="OFF"end;if toggle==true then _G.AutoCollectBank=true;while _G.AutoCollectBank do wait(0.1)local I=game:service"Players".LocalPlayer;local J=game:service"TweenService"local K=TweenInfo.new(3,Enum.EasingStyle.Quad)function tp(...)local L=tick()local M={...}local N=CFrame.new(M[1],M[2],M[3])local O,P=pcall(function()local O=J:Create(I.Character["HumanoidRootPart"],K,{CFrame=N})O:Play()end)if not O then return P end end;tp(2449.19238,337.180603,-334.058136,-0.139438912,-5.59262254e-08,-0.99023068,-4.37348753e-08,1,-5.03194677e-08,0.99023068,3.6291123e-08,-0.139438912)wait(4)tp(2519.87231,337.180542,-259.809204,-0.000239775531,5.09153297e-09,-1,-2.62085127e-08,1,5.09781728e-09,1,2.62097348e-08,-0.000239775531)wait(4)tp(2361.06421,337.180664,-268.497803,-0.999853849,-3.10051398e-08,-0.0170962214,-3.07029033e-08,1,-1.79410957e-08,0.0170962214,-1.7413571e-08,-0.999853849)wait(4)tp(2235.23633,337.583527,-338.452789,-0.906245708,4.86571505e-10,0.422751427,-1.7058811e-09,1,-4.80783457e-09,-0.422751427,-5.07824316e-09,-0.906245708)wait(4)tp(2272.29419,336.762329,-424.013672,0.0442178212,-4.3736641e-08,0.999021888,1.06772241e-07,1,3.90535995e-08,-0.999021888,1.04940938e-07,0.0442178212)wait(4)tp(2021.24402,336.762329,-245.996841,-0.970108926,-9.55415302e-08,0.24267,-1.04461208e-07,1,-2.38892959e-08,-0.24267,-4.85248179e-08,-0.970108926)wait(4)tp(2193.85889,337.180847,-534.244812,0.981750846,-2.05022559e-08,0.19017157,1.25685267e-08,1,4.2924885e-08,-0.19017157,-3.97513666e-08,0.981750846)wait()tp(2176.01685,337.180847,-566.32312,0.9981125,-4.19514876e-08,-0.0614119247,3.68142885e-08,1,-8.47829327e-08,0.0614119247,8.23620709e-08,0.9981125)wait(4)tp(2426.7356,337.180847,-537.732788,-0.0678335279,-4.13680183e-08,-0.997696638,1.55691442e-08,1,-4.25220712e-08,0.997696638,-1.84177047e-08,-0.0678335279)wait(4)end end;if toggle==false then _G.AutoCollectBank=false;while _G.AutoCollectBank do wait(0.1)local I=game:service"Players".LocalPlayer;local J=game:service"TweenService"local K=TweenInfo.new(1,Enum.EasingStyle.Quad)function tp(...)local L=tick()local M={...}local N=CFrame.new(M[1],M[2],M[3])local O,P=pcall(function()local O=J:Create(I.Character["HumanoidRootPart"],K,{CFrame=N})O:Play()end)if not O then return P end end;tp(2449.19238,337.180603,-334.058136,-0.139438912,-5.59262254e-08,-0.99023068,-4.37348753e-08,1,-5.03194677e-08,0.99023068,3.6291123e-08,-0.139438912)wait(0.1)tp(2519.87231,337.180542,-259.809204,-0.000239775531,5.09153297e-09,-1,-2.62085127e-08,1,5.09781728e-09,1,2.62097348e-08,-0.000239775531)wait(0.1)tp(2361.06421,337.180664,-268.497803,-0.999853849,-3.10051398e-08,-0.0170962214,-3.07029033e-08,1,-1.79410957e-08,0.0170962214,-1.7413571e-08,-0.999853849)wait(0.1)tp(2235.23633,337.583527,-338.452789,-0.906245708,4.86571505e-10,0.422751427,-1.7058811e-09,1,-4.80783457e-09,-0.422751427,-5.07824316e-09,-0.906245708)wait(0.1)tp(2272.29419,336.762329,-424.013672,0.0442178212,-4.3736641e-08,0.999021888,1.06772241e-07,1,3.90535995e-08,-0.999021888,1.04940938e-07,0.0442178212)wait(0.1)tp(2021.24402,336.762329,-245.996841,-0.970108926,-9.55415302e-08,0.24267,-1.04461208e-07,1,-2.38892959e-08,-0.24267,-4.85248179e-08,-0.970108926)wait(0.1)tp(2193.85889,337.180847,-534.244812,0.981750846,-2.05022559e-08,0.19017157,1.25685267e-08,1,4.2924885e-08,-0.19017157,-3.97513666e-08,0.981750846)wait(0.1)tp(2176.01685,337.180847,-566.32312,0.9981125,-4.19514876e-08,-0.0614119247,3.68142885e-08,1,-8.47829327e-08,0.0614119247,8.23620709e-08,0.9981125)wait(0.1)tp(2426.7356,337.180847,-537.732788,-0.0678335279,-4.13680183e-08,-0.997696638,1.55691442e-08,1,-4.25220712e-08,0.997696638,-1.84177047e-08,-0.0678335279)wait(0.1)end end end)end;coroutine.wrap(Q)()local function R()local y=Instance.new('LocalScript',w)while true do y.Parent.BackgroundColor3=Color3.fromRGB(157,255,198)wait(0.1)y.Parent.BackgroundColor3=Color3.fromRGB(108,255,243)wait(0.1)y.Parent.BackgroundColor3=Color3.fromRGB(103,169,255)wait(0.1)y.Parent.BackgroundColor3=Color3.fromRGB(123,97,255)wait(0.1)y.Parent.BackgroundColor3=Color3.fromRGB(214,90,255)wait(0.1)y.Parent.BackgroundColor3=Color3.fromRGB(255,87,205)wait(0.1)y.Parent.BackgroundColor3=Color3.fromRGB(255,80,83)wait(0.1)y.Parent.BackgroundColor3=Color3.fromRGB(255,138,84)wait(0.1)y.Parent.BackgroundColor3=Color3.fromRGB(255,235,83)wait(0.1)y.Parent.BackgroundColor3=Color3.fromRGB(255,235,83)wait(0.1)y.Parent.BackgroundColor3=Color3.fromRGB(85,255,0)end end;coroutine.wrap(R)()
